{
 "cells": [
  {
   "cell_type": "code",
   "execution_count": 6,
   "metadata": {},
   "outputs": [],
   "source": [
    "\n",
    "import random\n",
    "import math\n",
    "import numpy as np\n",
    "import pandas as pd\n",
    "from sklearn import cluster, datasets\n",
    "from sklearn.metrics import accuracy_score\n",
    "from sklearn import preprocessing\n"
   ]
  },
  {
   "cell_type": "markdown",
   "metadata": {},
   "source": [
    "# Data Preprocessing"
   ]
  },
  {
   "cell_type": "markdown",
   "metadata": {},
   "source": [
    "## Abalone dataset"
   ]
  },
  {
   "cell_type": "code",
   "execution_count": 7,
   "metadata": {},
   "outputs": [
    {
     "data": {
      "text/plain": [
       "'\\ncolumn_names = [\"sex\", \"length\", \"diameter\", \"height\", \"whole weight\", \\n                \"shucked weight\", \"viscera weight\", \"shell weight\", \"rings\"]\\nabalone = pd.read_csv(\"abalone.data\",names=column_names)\\n\\ndata_x = abalone.drop(columns=[\"rings\"])\\ndfDummies = pd.get_dummies(data_x[\\'sex\\'], prefix = \\'sex\\')\\ndata_x = pd.concat([data_x.drop(columns=[\\'sex\\']), dfDummies], axis=1)\\n\\ndata_y = np.array(abalone[\"rings\"])\\ndata_y[data_y<11]    = 0\\ndata_y[data_y>=11]   = 1\\nSimulate_time = 50\\n'"
      ]
     },
     "execution_count": 7,
     "metadata": {},
     "output_type": "execute_result"
    }
   ],
   "source": [
    "#data_x : features (Dataframe)\n",
    "#data_y : labels   (np.array)\n",
    "'''\n",
    "column_names = [\"sex\", \"length\", \"diameter\", \"height\", \"whole weight\", \n",
    "                \"shucked weight\", \"viscera weight\", \"shell weight\", \"rings\"]\n",
    "abalone = pd.read_csv(\"abalone.data\",names=column_names)\n",
    "\n",
    "data_x = abalone.drop(columns=[\"rings\"])\n",
    "dfDummies = pd.get_dummies(data_x['sex'], prefix = 'sex')\n",
    "data_x = pd.concat([data_x.drop(columns=['sex']), dfDummies], axis=1)\n",
    "\n",
    "data_y = np.array(abalone[\"rings\"])\n",
    "data_y[data_y<11]    = 0\n",
    "data_y[data_y>=11]   = 1\n",
    "Simulate_time = 50\n",
    "'''"
   ]
  },
  {
   "cell_type": "markdown",
   "metadata": {},
   "source": [
    "## Iris Dataset"
   ]
  },
  {
   "cell_type": "code",
   "execution_count": 21,
   "metadata": {},
   "outputs": [],
   "source": [
    "#data_x : features (Dataframe)\n",
    "#data_y : labels   (np.array)\n",
    "\n",
    "iris = datasets.load_iris()\n",
    "data_x = pd.DataFrame(iris.data)\n",
    "\n",
    "data_y = iris.target\n",
    "\n",
    "Simulate_time = 10\n"
   ]
  },
  {
   "cell_type": "code",
   "execution_count": 105,
   "metadata": {},
   "outputs": [],
   "source": [
    "class our_k_means:\n",
    "    def __init__(self,data_x,data_y,m = 2,epsilon = 1.0e-6):\n",
    "        self.data_x = pd.DataFrame(preprocessing.scale(data_x))\n",
    "        self.data_y = data_y\n",
    "        self.label  = pd.DataFrame(data_y)\n",
    "        self.acc    = 0\n",
    "        \n",
    "        #資料特性\n",
    "        self.DCNT = len(self.data_x)               #資料個數\n",
    "        self.DIM  = len(self.data_x.columns)       #資料維度\n",
    "        self.K    = len(np.unique(data_y))         #叢聚個數\n",
    "        #self.K    = np.amax(self.data_y)+1        #叢聚個數\n",
    "        self.MAX_ITER = 100                        #最大迭代 \n",
    "        self.MIN_PT = 0                            #最小變動點\n",
    "        \n",
    "        #k-means過程的參數\n",
    "        self.m    = m                       #m              :hyper parameter,控制fuzzy程度的變數,通常為2\n",
    "        self.epsilon = epsilon              #epsilon        :收斂的閾值\n",
    "        self.data =[]                       #data[DCNT][DIM]:資料\n",
    "        self.cent =[]                       #cent[K][DIM]   :各centroid的座標\n",
    "        self.table=[]                       #table[DCNT][K] :各資料對各cluster的membership values matrix\n",
    "        self.dis_k=[]                       #dis_k[K][DIM]  :各cluster的座標和\n",
    "        self.cent_c=[]                      #cent_c[K]      :各cluster的擁有資料數和\n",
    "        self.nearest=[]                     #nearest[DNST]  :各資料最可能屬於的cluster\n",
    "        self.iterl = 0 \n",
    "        self.obj_value = 0\n",
    "        self.prev_obj_value = 0\n",
    "        \n",
    "        #計算acc時的參數\n",
    "        self.origin_mass = []\n",
    "        self.cent_name = []\n",
    "\n",
    "        \n",
    "    #run k-means    \n",
    "    def run(self):\n",
    "        \n",
    "        #initialize tables\n",
    "        self.kmeans_init()   #初始化centroid\n",
    "                \n",
    "        #first iteration \n",
    "        self.iterl = 0\n",
    "        self.update_table()\n",
    "        self.obj_value = self.cal_obj_func()\n",
    "        self.prev_obj_value = self.obj_value*2\n",
    "        \n",
    "        #update centroid & data clustering\n",
    "        while self.iterl<self.MAX_ITER and abs(self.prev_obj_value-self.obj_value)>=self.epsilon :\n",
    "            self.prev_obj_value = self.obj_value\n",
    "            self.iterl+=1\n",
    "            self.update_cent()\n",
    "            self.update_table()\n",
    "            self.obj_value = self.cal_obj_func()\n",
    "        \n",
    "        #self.print_result()    \n",
    "        \n",
    "    #Calculate average accuracy    \n",
    "    def calculate_acc(self,iterate_times):\n",
    "        self.acc = 0\n",
    "        i = 0\n",
    "        while( i < iterate_times):\n",
    "            self.run()\n",
    "            self.calculate_origin_mass()\n",
    "            self.cent_name = self.centroid_names()\n",
    "            # Avoid the rare situations that some cluster are gone\n",
    "            #if len(np.unique(self.cent_name)) != self.K:\n",
    "            #    continue\n",
    "                \n",
    "            self.nearest_cluster()\n",
    "            i += 1\n",
    "            self.acc += accuracy_score(self.data_y,self.nearest)\n",
    "            \n",
    "            #self.print_result()\n",
    "        \n",
    "        if iterate_times is not 0:\n",
    "            self.acc /= iterate_times\n",
    "        \n",
    "        print(\"Average accuracy for \",iterate_times,\" times : \",self.acc)\n",
    "        return self.acc\n",
    "#---------------------------------------------------------------------------------\n",
    "#----------------Subfunctions of calculate_acc(iterate_times)---------------------\n",
    "#---------------------------------------------------------------------------------\n",
    "    def centroid_names(self):\n",
    "        cent_name = np.zeros(self.K)\n",
    "        \n",
    "        for i in range(self.K):\n",
    "            min_dist=float(\"inf\")\n",
    "            name = 0\n",
    "            for j in range(self.K):\n",
    "                dist = np.linalg.norm(self.cent[i] - self.origin_mass[j])\n",
    "                if dist < min_dist:\n",
    "                    min_dist = dist\n",
    "                    name = j\n",
    "            cent_name[i] = name\n",
    "            \n",
    "        return cent_name\n",
    "    \n",
    "    def calculate_origin_mass(self):\n",
    "        self.origin_mass = np.zeros((self.K,self.DIM))\n",
    "        \n",
    "        counter = np.zeros(self.K)\n",
    "        for i in range(self.K):\n",
    "            counter[i] = len(self.data_y[self.data_y==i])\n",
    "            \n",
    "        \n",
    "        for j in range(self.DIM):\n",
    "            for i in range(self.DCNT):\n",
    "                a = self.data_y[i]\n",
    "                self.origin_mass[a][j] += self.data_x.iloc[i,j]\n",
    "            for i in range(self.K):  \n",
    "                if counter[i] is not 0:\n",
    "                    self.origin_mass[i][j] /= counter[i]\n",
    "    \n",
    "    def nearest_cluster(self):\n",
    "        self.nearest = np.zeros(self.DCNT)\n",
    "        \n",
    "        for i in range(len(self.data_x.index)):\n",
    "            self.nearest[i] = self.cent_name[np.argmax(self.table[i])]\n",
    "        \n",
    "#---------------------------------------------------------------------------------\n",
    "#------------------------------Subfunctions of run()------------------------------\n",
    "#---------------------------------------------------------------------------------    \n",
    "    def kmeans_init(self):\n",
    "        \n",
    "        self.data = self.data_x.values\n",
    "        self.cent = np.zeros((self.K,self.DIM))\n",
    "        self.table= np.zeros((self.DCNT,self.K))\n",
    "        self.dis_k= np.zeros((self.K,self.DIM))\n",
    "        self.cent_c=np.zeros(self.K)\n",
    "        self.U    = np.zeros((self.DCNT,self.K))\n",
    "                \n",
    "        pick = []\n",
    "        counter = 0\n",
    "        while(counter<self.K):\n",
    "            rnd = random.randint(0,self.DCNT-1)\n",
    "            if(rnd not in pick):\n",
    "                pick.append(rnd)\n",
    "                counter=counter+1\n",
    "                \n",
    "        for i in range(self.K):\n",
    "            for j in range(self.DIM):\n",
    "                self.cent[i][j] = self.data[pick[i]][j] \n",
    "      \n",
    "\n",
    "    def update_cent(self):\n",
    "        \n",
    "        for k in range(self.K):\n",
    "            down = 0\n",
    "            for i in range(self.DCNT):\n",
    "                down += self.table[i][k]\n",
    "                \n",
    "            for i in range(self.DCNT):    \n",
    "                for j in range(self.DIM):\n",
    "                    self.cent[k][j] += self.data_x.iloc[i,j]*self.table[i][k]\n",
    "                    \n",
    "            for j in range(self.DIM):\n",
    "                self.cent[k][j] /= down\n",
    "                    \n",
    "    def cal_w(self,i,j):\n",
    "        w = 0\n",
    "        dis = np.linalg.norm(self.data_x.iloc[i].values-self.cent[j])\n",
    "        for c in range(self.K):\n",
    "            dis_c = np.linalg.norm(self.data_x.iloc[i].values-self.cent[c])\n",
    "            if dis_c != 0:\n",
    "                w += math.pow((dis/dis_c),2/(self.m-1))\n",
    "        \n",
    "        if(w != 0):\n",
    "            w = 1/w\n",
    "            \n",
    "        return w\n",
    "            \n",
    "    def update_table(self):\n",
    "        for i in range(self.DCNT):\n",
    "            for j in range(self.K):\n",
    "                self.table[i][j] = self.cal_w(i,j)\n",
    "                \n",
    "    def cal_obj_func(self):\n",
    "        obj_value = 0\n",
    "        for i in range(self.DCNT):\n",
    "            for j in range(self.K):\n",
    "                obj_value += self.table[i][j]*math.pow(np.linalg.norm(self.data_x.iloc[i].values-self.cent[j]),2)\n",
    "        return obj_value\n",
    "\n",
    "    def print_cent(self):\n",
    "        print(\"Centroids:\")\n",
    "        print(self.cent)\n",
    "\n",
    "    def print_result(self):\n",
    "        print(\"K means:\")\n",
    "        print(self.table)\n",
    "        print(\"Object function value = \",end='')\n",
    "        print(self.obj_value)\n",
    "        print(\"Previous Object function value = \",end='')\n",
    "        print(self.prev_obj_value)\n",
    "        print(\"iter = \",end='')\n",
    "        print(self.iterl)     \n",
    "    "
   ]
  },
  {
   "cell_type": "markdown",
   "metadata": {},
   "source": [
    "## Here comes our FCM\n",
    "### Let's run it!"
   ]
  },
  {
   "cell_type": "code",
   "execution_count": 106,
   "metadata": {},
   "outputs": [
    {
     "name": "stdout",
     "output_type": "stream",
     "text": [
      "Average accuracy for  10  times :  0.8600000000000001\n"
     ]
    },
    {
     "data": {
      "text/plain": [
       "0.8600000000000001"
      ]
     },
     "execution_count": 106,
     "metadata": {},
     "output_type": "execute_result"
    }
   ],
   "source": [
    "result = our_k_means(data_x,data_y)\n",
    "result.calculate_acc(Simulate_time)"
   ]
  },
  {
   "cell_type": "code",
   "execution_count": 107,
   "metadata": {},
   "outputs": [
    {
     "name": "stdout",
     "output_type": "stream",
     "text": [
      "Centroids:\n",
      "[[ 0.63745732 -0.19331011  0.66769739  0.67797323]\n",
      " [-0.85321793  0.64599073 -1.0692856  -1.03168927]\n",
      " [ 0.21615645 -0.45328001  0.40222018  0.35429083]]\n"
     ]
    }
   ],
   "source": [
    "result.print_cent()"
   ]
  },
  {
   "cell_type": "code",
   "execution_count": 108,
   "metadata": {},
   "outputs": [
    {
     "name": "stdout",
     "output_type": "stream",
     "text": [
      "K means:\n",
      "[[0.02359739 0.94615959 0.03024302]\n",
      " [0.06370665 0.84468916 0.09160419]\n",
      " [0.0409838  0.90289018 0.05612602]\n",
      " [0.05880258 0.85886985 0.08232757]\n",
      " [0.03882277 0.91257092 0.04860631]\n",
      " [0.11064488 0.76268566 0.12666945]\n",
      " [0.03797323 0.9119979  0.05002886]\n",
      " [0.01471581 0.96584571 0.01943849]\n",
      " [0.1066532  0.74230182 0.15104498]\n",
      " [0.04624529 0.88875944 0.06499527]\n",
      " [0.06583006 0.85491067 0.07925927]\n",
      " [0.02296243 0.94664819 0.03038937]\n",
      " [0.06970171 0.83140216 0.09889613]\n",
      " [0.09881419 0.76589885 0.13528696]\n",
      " [0.15023999 0.68414839 0.16561162]\n",
      " [0.2060267  0.5795843  0.214389  ]\n",
      " [0.10924651 0.76559278 0.12516071]\n",
      " [0.02003322 0.9542151  0.02575167]\n",
      " [0.11124648 0.76076754 0.12798598]\n",
      " [0.07565346 0.83423497 0.09011157]\n",
      " [0.02071033 0.95204574 0.02724393]\n",
      " [0.05458188 0.87879737 0.06662074]\n",
      " [0.06162938 0.86143259 0.07693803]\n",
      " [0.00361595 0.99135113 0.00503291]\n",
      " [0.02221065 0.9481902  0.02959915]\n",
      " [0.06089029 0.85032331 0.0887864 ]\n",
      " [0.00706487 0.98349319 0.00944195]\n",
      " [0.02281321 0.94796258 0.02922421]\n",
      " [0.01577672 0.96350199 0.02072129]\n",
      " [0.037371   0.91090661 0.05172239]\n",
      " [0.04538332 0.89021048 0.06440619]\n",
      " [0.01747371 0.95946794 0.02305835]\n",
      " [0.13721643 0.70900745 0.15377612]\n",
      " [0.16457856 0.65666041 0.17876103]\n",
      " [0.0415977  0.89940413 0.05899816]\n",
      " [0.02896836 0.9312619  0.03976974]\n",
      " [0.04323375 0.90234375 0.05442249]\n",
      " [0.04516786 0.89831098 0.05652116]\n",
      " [0.08984927 0.78481794 0.1253328 ]\n",
      " [0.01300627 0.96982968 0.01716405]\n",
      " [0.02360003 0.94608017 0.0303198 ]\n",
      " [0.20828576 0.49369276 0.29802148]\n",
      " [0.06505253 0.84693033 0.08801714]\n",
      " [0.02383531 0.9451638  0.03100089]\n",
      " [0.0785547  0.82784088 0.09360442]\n",
      " [0.06572953 0.83932094 0.09494952]\n",
      " [0.07616462 0.83304567 0.09078971]\n",
      " [0.04704117 0.88855007 0.06440876]\n",
      " [0.06067491 0.86590206 0.07342303]\n",
      " [0.01614133 0.96204827 0.02181041]\n",
      " [0.61640492 0.06822585 0.31536923]\n",
      " [0.63925317 0.03949788 0.32124895]\n",
      " [0.69230728 0.04067437 0.26701834]\n",
      " [0.29908946 0.14044907 0.56046147]\n",
      " [0.5374329  0.01854293 0.44402417]\n",
      " [0.15310678 0.03228183 0.81461139]\n",
      " [0.62325825 0.05461054 0.32213121]\n",
      " [0.25855236 0.28726338 0.45418426]\n",
      " [0.54075274 0.03010611 0.42914115]\n",
      " [0.25501315 0.14418395 0.6008029 ]\n",
      " [0.2967842  0.25246305 0.45075275]\n",
      " [0.20029249 0.02219911 0.7775084 ]\n",
      " [0.32306681 0.14653589 0.5303973 ]\n",
      " [0.11692907 0.00571494 0.87735599]\n",
      " [0.21548498 0.10464118 0.67987385]\n",
      " [0.63261116 0.04224463 0.32514421]\n",
      " [0.25251294 0.04940605 0.69808101]\n",
      " [0.22073363 0.08766138 0.69160499]\n",
      " [0.37278625 0.0978011  0.52941265]\n",
      " [0.25858778 0.12810773 0.61330448]\n",
      " [0.55494872 0.04846198 0.3965893 ]\n",
      " [0.14556339 0.02156144 0.83287517]\n",
      " [0.38565578 0.04597711 0.56836711]\n",
      " [0.1834194  0.02083525 0.79574534]\n",
      " [0.36744358 0.02541859 0.60713783]\n",
      " [0.61835427 0.02852185 0.35312388]\n",
      " [0.58851852 0.03572211 0.37575938]\n",
      " [0.84136209 0.01370526 0.14493265]\n",
      " [0.02913824 0.0016893  0.96917247]\n",
      " [0.24494755 0.15052867 0.60452378]\n",
      " [0.27522994 0.15729377 0.56747629]\n",
      " [0.2726024  0.17676243 0.55063517]\n",
      " [0.19389161 0.0626193  0.74348909]\n",
      " [0.31407116 0.02183964 0.6640892 ]\n",
      " [0.28000825 0.08591341 0.63407834]\n",
      " [0.49760388 0.10777998 0.39461614]\n",
      " [0.72293904 0.02917169 0.24788928]\n",
      " [0.35934504 0.09061453 0.55004044]\n",
      " [0.2265729  0.0816583  0.6917688 ]\n",
      " [0.26248472 0.11226277 0.62525251]\n",
      " [0.24412843 0.09444642 0.66142515]\n",
      " [0.28029769 0.01473837 0.70496394]\n",
      " [0.22511159 0.07271951 0.70216891]\n",
      " [0.2697876  0.26661018 0.46360222]\n",
      " [0.19960849 0.062244   0.73814751]\n",
      " [0.22005217 0.0734239  0.70652392]\n",
      " [0.16035104 0.04054712 0.79910183]\n",
      " [0.18226723 0.01531546 0.80241731]\n",
      " [0.25093073 0.2748734  0.47419588]\n",
      " [0.15754491 0.0426296  0.79982549]\n",
      " [0.5984211  0.08014568 0.32143322]\n",
      " [0.39727106 0.03747719 0.56525174]\n",
      " [0.66324785 0.05450074 0.28225141]\n",
      " [0.78023093 0.01388705 0.20588202]\n",
      " [0.71443705 0.03518833 0.25037462]\n",
      " [0.57884726 0.09056911 0.33058364]\n",
      " [0.31468319 0.15645689 0.52885992]\n",
      " [0.61366309 0.06715413 0.31918278]\n",
      " [0.53883653 0.05541641 0.40574707]\n",
      " [0.54534639 0.12621421 0.3284394 ]\n",
      " [0.75284884 0.03201469 0.21513646]\n",
      " [0.6244639  0.02584739 0.34968871]\n",
      " [0.735103   0.03393095 0.23096605]\n",
      " [0.38938204 0.06625611 0.54436185]\n",
      " [0.50922436 0.06012993 0.43064571]\n",
      " [0.6757751  0.0497734  0.2744515 ]\n",
      " [0.86020423 0.01149253 0.12830324]\n",
      " [0.50156058 0.16101413 0.33742529]\n",
      " [0.53347462 0.1030884  0.36343698]\n",
      " [0.37079255 0.09738257 0.53182488]\n",
      " [0.65671468 0.06216438 0.28112093]\n",
      " [0.394297   0.05043506 0.55526794]\n",
      " [0.55726516 0.09459572 0.34813913]\n",
      " [0.53482173 0.02137941 0.44379886]\n",
      " [0.66848858 0.05933448 0.27217694]\n",
      " [0.63588986 0.06991525 0.29419489]\n",
      " [0.56337361 0.01336115 0.42326524]\n",
      " [0.73837366 0.01106379 0.25056255]\n",
      " [0.68348789 0.02896905 0.28754305]\n",
      " [0.64232392 0.05782159 0.29985449]\n",
      " [0.597154   0.07115331 0.33169269]\n",
      " [0.49441045 0.16770867 0.33788088]\n",
      " [0.66447208 0.03417759 0.30135033]\n",
      " [0.50205032 0.014375   0.48357467]\n",
      " [0.38815118 0.04331104 0.56853779]\n",
      " [0.57416688 0.09429543 0.33153769]\n",
      " [0.59352378 0.08612204 0.32035418]\n",
      " [0.82426385 0.01641156 0.15932459]\n",
      " [0.58754623 0.01681624 0.39563752]\n",
      " [0.71277797 0.04275388 0.24446814]\n",
      " [0.66908952 0.05306255 0.27784793]\n",
      " [0.67790091 0.05199592 0.27010317]\n",
      " [0.39727106 0.03747719 0.56525174]\n",
      " [0.65737294 0.06097893 0.28164813]\n",
      " [0.61827456 0.07751999 0.30420545]\n",
      " [0.70445006 0.03959805 0.25595189]\n",
      " [0.46929309 0.04651107 0.48419583]\n",
      " [0.83864947 0.01441391 0.14693663]\n",
      " [0.5932044  0.08377217 0.32302343]\n",
      " [0.54748407 0.02349674 0.42901919]]\n",
      "Object function value = 348.3202800048155\n",
      "Previous Object function value = 348.3204441818765\n",
      "iter = 100\n"
     ]
    }
   ],
   "source": [
    "result.print_result()"
   ]
  },
  {
   "cell_type": "code",
   "execution_count": null,
   "metadata": {},
   "outputs": [],
   "source": []
  }
 ],
 "metadata": {
  "kernelspec": {
   "display_name": "Python 3",
   "language": "python",
   "name": "python3"
  },
  "language_info": {
   "codemirror_mode": {
    "name": "ipython",
    "version": 3
   },
   "file_extension": ".py",
   "mimetype": "text/x-python",
   "name": "python",
   "nbconvert_exporter": "python",
   "pygments_lexer": "ipython3",
   "version": "3.7.1"
  }
 },
 "nbformat": 4,
 "nbformat_minor": 2
}
